0	95	218	241	158	81	48	72	149	86	161	0
95	0	123	166	139	18	89	88	139	9	69	95
218	124	0	125	199	138	205	195	208	132	65	218
241	166	126	0	131	169	204	183	146	172	158	241
158	139	199	131	0	127	111	86	15	138	185	158
81	18	138	169	127	0	71	70	126	12	87	81
48	89	205	204	111	71	0	25	101	81	158	48
72	88	195	183	86	70	25	0	78	81	154	72
149	139	208	146	15	126	101	78	0	137	190	149
86	9	132	172	138	12	81	81	137	0	78	86
161	69	65	158	185	87	158	154	190	78	0	161
0	95	218	241	158	81	48	72	149	86	161	0
