0	114	262	289	104	269	255	188	168	211	166	100	237	101	166	274	190	190	97	86	58	87	49	69	107	203	289	129	244	143	189	91	179	103	193	280	73	141	283	0
114	0	148	199	55	162	142	111	58	123	64	83	138	99	71	169	167	167	22	105	107	33	85	135	83	130	219	24	130	31	179	124	167	11	83	170	134	44	180	114
262	150	0	150	178	68	23	148	100	128	110	202	100	220	120	84	239	239	166	234	246	177	228	273	197	159	206	136	25	120	259	250	250	159	78	62	271	133	90	262
289	199	152	0	185	219	128	102	147	78	211	281	66	201	225	234	157	157	203	219	245	231	241	262	279	90	62	206	133	171	178	323	175	206	190	93	258	156	241	289
104	55	178	185	0	207	166	84	78	107	117	122	134	46	125	217	116	116	37	57	70	67	58	95	125	101	190	78	156	63	126	152	114	51	129	182	93	46	227	104
269	162	68	219	207	0	91	201	134	187	103	189	164	253	105	16	290	290	184	263	268	182	246	296	182	215	272	142	86	144	309	234	298	172	79	130	296	165	23	269
255	142	23	128	166	91	0	128	89	107	114	204	77	206	126	106	219	219	158	221	235	173	219	261	200	137	183	133	13	112	239	252	230	153	83	43	259	120	113	255
188	111	148	102	84	201	128	0	77	28	147	193	65	101	160	215	91	91	108	119	144	139	140	162	193	20	109	125	123	90	112	230	103	115	140	125	158	67	224	188
168	58	100	147	78	134	89	77	0	77	70	135	83	122	84	146	158	158	71	135	147	91	130	173	133	96	177	60	78	27	176	180	165	68	64	113	171	33	156	168
211	123	128	78	107	187	107	28	77	0	147	205	37	128	161	201	114	114	125	146	170	154	164	190	205	31	100	134	104	97	135	246	127	129	134	98	186	79	210	211
166	64	110	211	117	103	114	147	70	147	0	93	145	163	14	108	221	221	86	169	170	80	146	198	88	166	247	42	101	61	236	141	224	73	32	153	198	87	118	166
100	83	202	281	122	189	204	193	135	205	93	0	217	153	85	189	237	237	87	149	133	55	108	157	8	212	302	76	192	110	245	48	233	78	125	240	159	127	198	100
237	138	100	66	134	164	77	65	83	37	145	217	0	162	159	179	150	150	145	180	202	171	192	223	216	67	110	142	78	108	171	261	164	146	125	61	219	98	187	237
101	99	220	201	46	253	206	101	122	128	163	153	162	0	170	263	90	90	79	18	47	103	55	61	157	111	191	123	197	109	93	172	82	93	176	217	58	89	273	101
166	71	120	225	125	105	126	160	84	161	14	85	159	170	0	108	232	232	92	176	174	81	149	201	79	179	261	47	113	72	246	132	235	78	42	165	202	98	118	166
274	169	84	234	217	16	106	215	146	201	108	189	179	263	108	0	303	303	191	272	276	188	253	304	182	229	288	149	102	154	321	233	311	179	87	145	304	176	10	274
190	167	239	157	116	290	219	91	158	114	221	237	150	90	232	303	0	0	153	103	133	182	144	135	240	83	123	188	214	160	22	261	18	165	222	211	130	134	312	190
190	167	239	157	116	290	219	91	158	114	221	237	150	90	232	303	0	0	153	103	133	182	144	135	240	83	123	188	214	160	22	261	18	165	222	211	130	134	312	190
97	22	166	203	37	184	158	108	71	125	86	87	145	79	92	191	153	153	0	84	85	32	63	113	89	127	217	45	147	46	163	122	151	14	105	183	112	47	202	97
86	105	234	219	57	263	221	119	135	146	169	149	180	18	176	272	103	103	84	0	30	103	44	43	154	130	209	128	211	119	104	164	93	97	185	233	40	102	283	86
58	107	246	245	70	268	235	144	147	170	170	133	202	47	174	276	133	133	85	30	0	95	25	28	139	156	238	128	225	127	132	140	122	97	190	252	28	115	286	58
87	33	177	231	67	182	173	139	91	154	80	55	171	103	81	188	182	182	32	103	95	0	70	122	58	158	248	42	161	65	192	92	180	25	106	203	123	75	198	87
49	85	228	241	58	246	219	140	130	164	146	108	192	55	149	253	144	144	63	44	25	70	0	52	114	155	240	105	208	108	147	120	136	74	168	239	53	100	264	49
69	135	273	262	95	296	261	162	173	190	198	157	223	61	201	304	135	135	113	43	28	122	52	0	163	172	248	156	251	154	129	158	121	125	217	276	5	141	314	69
107	83	197	279	125	182	200	193	133	205	88	8	216	157	79	182	240	240	89	154	139	58	114	163	0	213	302	73	187	109	248	53	237	79	120	236	165	127	191	107
203	130	159	90	101	215	137	20	96	31	166	212	67	111	179	229	83	83	127	130	156	158	155	172	213	0	90	145	134	110	105	249	98	134	157	128	168	86	238	203
289	219	206	62	190	272	183	109	177	100	247	302	110	191	261	288	123	123	217	209	238	248	240	248	302	90	0	232	186	196	140	339	141	224	232	153	244	175	295	289
129	24	136	206	78	142	133	125	60	134	42	76	142	123	47	149	188	188	45	128	128	42	105	156	73	145	232	0	121	36	202	121	190	31	65	166	156	59	159	129
244	130	25	133	156	86	13	123	78	104	101	192	78	197	113	102	214	214	147	211	225	161	208	251	187	134	186	121	0	101	234	239	225	141	71	53	249	110	109	244
143	31	120	171	63	144	112	90	27	97	61	110	108	109	72	154	160	160	46	119	127	65	108	154	109	110	196	36	101	0	176	154	164	41	67	139	153	27	164	143
189	179	259	178	126	309	239	112	176	135	236	245	171	93	246	321	22	22	163	104	132	192	147	129	248	105	140	202	234	176	0	266	12	176	239	233	124	150	331	189
91	124	250	323	152	234	252	230	180	246	141	48	261	172	132	233	261	261	122	164	140	92	120	158	53	249	339	121	239	154	266	0	254	117	172	287	162	167	242	91
179	167	250	175	114	298	230	103	165	127	224	233	164	82	235	311	18	18	151	93	122	180	136	121	237	98	141	190	225	164	12	254	0	164	228	225	116	138	320	179
103	11	159	206	51	172	153	115	68	129	73	78	146	93	78	179	165	165	14	97	97	25	74	125	79	134	224	31	141	41	176	117	164	0	94	180	125	50	189	103
193	83	78	190	129	79	83	140	64	134	32	125	125	176	42	87	222	222	105	185	190	106	168	217	120	157	232	65	71	67	239	172	228	94	0	124	217	91	98	193
280	170	62	93	182	130	43	125	113	98	153	240	61	217	165	145	211	211	183	233	252	203	239	276	236	128	153	166	53	139	233	287	225	180	124	0	273	139	151	280
73	134	271	258	93	296	259	158	171	186	198	159	219	58	202	304	130	130	112	40	28	123	53	5	165	168	244	156	249	153	124	162	116	125	217	273	0	139	314	73
141	44	133	156	46	165	120	67	33	79	87	127	98	89	98	176	134	134	47	102	115	75	100	141	127	86	175	59	110	27	150	167	138	50	91	139	139	0	187	141
283	180	90	241	227	23	113	224	156	210	118	198	187	273	118	10	312	312	202	283	286	198	264	314	191	238	295	159	109	164	331	242	320	189	98	151	314	187	0	283
0	114	262	289	104	269	255	188	168	211	166	100	237	101	166	274	190	190	97	86	58	87	49	69	107	203	289	129	244	143	189	91	179	103	193	280	73	141	283	0
